2.70589
2.79543
2.8249
2.93391
3.00977
2.99239
2.99794
3.20221
3.27674
3.40516
3.49297
3.6027
3.36968
3.23449
3.09358
2.75927
2.31203
2.22273
2.20628
2.08973
2.74861
2.8265
2.84025
3.00391
3.00698
3.04313
3.09083
3.38004
3.56091
3.74601
3.89111
3.74879
3.76799
3.59033
3.29436
3.11293
2.64892
2.56974
2.59438
2.40083
2.676
2.88411
3.05071
3.0402
3.00698
3.15378
3.2378
3.52032
3.95558
4.17562
4.54119
4.28698
4.22368
3.84718
3.69933
3.35423
3.0317
2.99301
2.89515
2.74887
2.81153
3.14378
2.90981
2.89092
3.04783
3.07957
3.47755
3.88121
4.35646
4.69537
4.734
4.66695
4.63291
4.47108
4.14197
3.68687
3.12767
3.12757
3.03288
2.84495
3.01263
2.87334
2.90925
3.04686
3.2206
3.30944
3.79998
4.21854
4.56483
4.93388
4.67879
4.86594
4.84948
4.72103
4.6166
4.27245
3.18309
3.22478
3.06757
2.87961
2.84972
2.79112
2.9501
3.10683
3.12622
3.7286
4.15302
4.08054
4.39957
4.90506
4.86443
4.85476
4.65756
4.74471
4.7563
4.7215
3.42274
3.3851
3.24362
2.95548
2.85272
2.98398
3.01072
3.16813
3.47722
4.0028
3.94909
4.07549
4.66841
4.79495
4.86734
4.82809
4.60527
4.59662
4.74092
4.93454
3.65311
3.52346
3.38622
2.98669
2.75416
2.93222
3.17217
3.35035
3.87386
4.05337
3.86467
4.23057
4.74638
4.67991
4.82998
4.52232
4.58327
4.62334
4.78683
5.05668
3.94187
3.83997
3.4776
3.01629
2.75663
3.06698
3.22476
3.72783
4.15385
3.85892
3.87051
4.4475
4.77319
4.6798
4.76384
4.67135
4.61532
4.65375
4.84909
5.00222
4.24098
4.01285
3.69464
3.09926
2.79573
2.98225
3.48651
4.03292
3.73846
3.83947
4.01855
4.78457
4.69195
4.71917
4.73429
4.53136
4.62541
4.54145
4.81143
4.83163
4.441
4.30723
3.98588
3.21779
3.12571
3.32378
3.8546
3.88592
3.85335
3.86037
4.14862
4.716
4.74841
4.65051
4.78749
4.70675
4.64705
4.49609
4.87309
4.66796
4.58851
4.46499
4.06093
3.43221
3.21714
3.59457
4.08678
3.78677
3.87529
3.93223
4.42484
4.78563
4.67845
4.77354
4.73662
4.68328
4.43316
4.55978
4.80011
4.79664
4.79516
4.5066
4.1913
3.59518
3.4532
3.96282
3.73419
3.70431
3.82165
3.9535
4.56826
4.64339
4.70671
4.73629
4.80372
4.59047
4.57752
4.63154
4.89266
4.76662
4.80858
4.66487
4.27665
3.63428
3.91707
3.87817
3.73856
3.75978
3.77662
4.16671
4.65212
4.82451
4.6958
4.8225
4.69208
4.61476
4.48667
4.59041
4.74927
4.71405
4.78976
4.74282
4.24314
3.77369
4.04996
3.73793
3.67167
3.82434
3.9458
4.25739
4.7762
4.76949
4.73412
4.79787
4.91006
4.5298
4.52079
4.5066
4.75896
4.7804
4.76436
4.98766
4.3962
4.04374
3.77478
3.68358
3.69626
3.70984
3.91394
4.51362
4.70669
4.80501
4.64837
4.69673
4.7138
4.51771
4.45824
4.51887
4.77243
4.82511
4.73003
4.99547
4.55105
4.18637
3.73871
3.63684
3.69584
3.73464
3.92002
4.58899
4.66093
4.75772
4.69535
4.70218
4.63364
4.48251
4.5307
4.60186
4.72844
4.8201
4.67228
4.96695
4.7498
4.27224
3.69298
3.71717
3.67627
3.79761
3.93677
4.61063
4.76331
4.71523
4.8147
4.78487
4.55224
4.56998
4.52407
4.47268
4.78429
4.83436
4.6203
4.9501
4.88922
4.60316
3.75589
3.72291
3.74101
3.79481
3.9843
4.61643
4.68013
4.73122
4.74931
4.81415
4.66921
4.58744
4.46747
4.52276
4.84731
4.88111
4.66404
4.80481
4.98732
4.75789
3.57199
3.73295
3.6903
3.87773
3.85591
4.33451
4.74812
4.80764
4.71385
4.72909
4.73154
4.68561
4.3134
4.55268
4.76926
4.85079
4.64531
4.80169
5.04287
4.94699
