2.76764
2.74162
2.74862
2.81219
2.94669
3.10885
2.9056
2.86774
2.96214
3.08012
3.14058
3.1525
3.30675
3.42503
3.37884
3.60134
3.55076
3.38947
3.32861
3.09067
3.18359
3.01756
2.76122
2.62498
2.23381
2.15663
2.27873
2.19171
2.12906
2.02795
2.75007
2.77846
2.75494
2.84962
3.07133
2.93959
2.89782
3.0065
3.07167
3.11293
3.05434
3.22094
3.36821
3.4324
3.50979
3.7356
3.67375
3.56239
3.50529
3.3451
3.27365
3.14485
2.88554
2.83321
2.45866
2.42129
2.40488
2.32093
2.34971
2.28563
2.83487
2.90573
2.90647
2.94978
2.97419
2.91606
2.83398
3.03941
3.01709
3.10512
3.22648
3.43941
3.49502
3.7037
3.76449
3.88639
3.97393
3.89532
3.85483
3.66604
3.51769
3.37844
3.02763
3.04711
2.67316
2.63765
2.68911
2.62507
2.56479
2.43888
2.69747
2.79486
2.84148
3.11088
2.92785
2.94012
2.92781
3.07359
2.94336
3.19716
3.378
3.45371
3.73066
4.00698
4.14847
4.30878
4.31693
4.25616
4.14713
3.91167
3.79044
3.6171
3.47038
3.37451
2.97947
2.85081
2.93066
2.90317
2.71227
2.72363
2.82952
2.74399
2.967
2.94236
2.86839
2.82545
2.88958
3.03156
3.12375
3.14674
3.4834
3.76383
4.05837
4.26472
4.44946
4.61709
4.50027
4.48953
4.48605
4.2193
4.0753
3.87728
3.71081
3.5154
3.07004
2.9616
3.05611
2.99922
2.88926
2.86245
2.70281
2.89747
2.90528
2.76575
2.89327
2.87487
3.04307
3.09874
3.21631
3.39676
3.7399
4.0783
4.05956
4.37953
4.69889
4.70478
4.74738
4.76159
4.66477
4.47046
4.37893
4.17647
3.96411
3.73529
3.1943
3.00448
3.18017
3.11083
2.87765
2.88553
2.79664
2.95311
2.71003
2.79311
2.91065
2.92622
3.03649
3.1546
3.29255
3.58277
3.98218
4.25069
4.49106
4.5772
4.86419
4.79702
4.81428
4.90123
4.73816
4.80869
4.62411
4.47004
4.33093
4.03015
3.33938
3.24499
3.21107
3.19432
2.88181
2.94886
2.78685
2.76021
2.68133
2.83182
2.87164
3.01344
3.12923
3.24807
3.50232
3.85791
4.137
4.09809
4.19479
4.54169
4.85754
4.78698
4.7153
4.72943
4.61324
4.9976
4.69471
4.59448
4.67824
4.24255
3.48481
3.26435
3.3121
3.16745
2.93553
2.98661
2.78953
2.73339
2.63339
2.87805
3.02527
3.03512
3.23355
3.55085
3.88121
4.12185
3.94787
4.01998
4.31897
4.74743
4.79464
4.70271
4.7418
4.658
4.48642
5.01492
4.72848
4.75526
4.8431
4.4921
3.50993
3.49764
3.40475
3.24369
3.05566
2.95557
2.72613
2.81771
2.88126
2.90731
2.9442
3.20576
3.33827
3.60137
4.02823
4.07458
3.85993
3.98743
4.54037
4.54687
4.5986
4.7783
4.7205
4.4773
4.49426
4.84212
4.69054
4.88683
4.95379
4.58905
3.62956
3.64469
3.56499
3.33765
3.07571
3.08926
2.82276
2.77229
2.77111
2.98006
3.14582
3.27816
3.62273
3.93681
4.07446
3.88601
3.93089
4.2261
4.63726
4.47518
4.68065
4.84941
4.59446
4.48051
4.45546
4.76763
4.66282
4.78384
5.01281
4.76467
3.80531
3.72267
3.85018
3.4465
3.12876
2.93998
2.73766
2.70387
2.81629
3.04222
3.23322
3.40684
3.83322
3.99145
3.83688
3.88171
3.97232
4.44143
4.74902
4.70729
4.73956
4.68946
4.70252
4.49356
4.48052
4.77723
4.48777
4.80783
4.85496
4.74925
3.99187
4.03127
3.94598
3.67424
3.24143
3.00626
2.77367
2.82126
2.87502
3.09515
3.30309
3.6803
4.01381
4.03363
3.86945
4.03023
4.10434
4.60697
4.67861
4.58341
4.75655
4.68405
4.6131
4.36044
4.39765
4.66856
4.46945
4.53769
4.65957
4.82328
4.32831
4.42225
4.19167
3.94039
3.36572
3.12599
2.75072
2.91969
3.11071
3.27276
3.51022
3.91897
3.9102
3.8214
3.76038
3.98052
4.20338
4.65781
4.60339
4.69917
4.77449
4.7316
4.69123
4.49706
4.33777
4.76217
4.4229
4.53447
4.63918
4.90378
4.60457
4.4909
4.3553
4.15779
3.43482
3.09024
2.96495
2.98518
3.09914
3.45758
3.78769
4.16002
3.71898
3.71864
3.90211
4.04491
4.47825
4.66436
4.7389
4.61165
4.83599
4.76723
4.71134
4.50964
4.35802
4.6591
4.40069
4.60509
4.60174
4.90042
4.7453
4.44855
4.46285
4.34102
3.57726
3.26259
2.94821
3.17222
3.33421
3.66197
3.95935
3.92219
3.7072
3.81454
3.86341
4.13656
4.57616
4.6245
4.73793
4.77926
4.72909
4.6634
4.67691
4.50311
4.34635
4.71962
4.62036
4.74837
4.53865
4.90479
4.99455
4.50903
4.65041
4.46635
3.79397
3.37213
3.10998
3.19768
3.55559
3.90637
3.98868
3.79569
3.74401
3.82289
3.97086
4.1353
4.61483
4.67604
4.7744
4.79182
4.62787
4.83232
4.67042
4.55536
4.32358
4.83155
4.55941
4.74503
4.59929
4.86373
4.89106
4.63746
4.78044
4.52163
3.91026
3.44489
3.15324
3.45559
3.78354
4.06012
3.65483
3.73125
3.78797
3.80179
3.95751
4.3631
4.77472
4.7448
4.72527
4.71962
4.78121
4.61949
4.76767
4.63869
4.28298
4.75269
4.62266
4.59772
4.58634
4.92863
4.70478
4.47456
4.92011
4.52182
3.82821
3.48193
3.30642
3.70786
4.05862
3.81961
3.75351
3.75259
3.78564
3.88207
3.96782
4.58563
4.68948
4.77471
4.80638
4.82004
4.7738
4.78915
4.58873
4.58946
4.31351
4.74975
4.58547
4.59103
4.58081
4.9039
4.66556
4.68654
5.20736
4.80558
4.11277
3.59874
3.50535
3.95568
3.94266
3.72906
3.77116
3.7438
3.80645
3.92311
4.05602
4.60032
4.6686
4.77728
4.77318
4.77943
4.75997
4.82655
4.59862
4.59145
4.32994
4.65588
4.54231
4.7073
4.52774
4.97174
4.61187
4.70388
5.32631
4.91775
4.10049
3.77358
3.78638
4.01565
3.75623
3.72969
3.70691
3.82899
3.80438
3.86894
4.2125
4.67311
4.76849
4.70866
4.64728
4.73612
4.75944
4.71651
4.58383
4.51728
4.38417
4.78847
4.69563
4.7583
4.61748
4.92349
4.69959
4.80953
5.30608
5.08605
4.19811
3.90777
3.91822
3.72141
3.64159
3.72528
3.79867
3.85074
3.74809
4.01897
4.33236
4.68886
4.67927
4.55729
4.68191
4.60698
4.75143
4.65957
4.60817
4.48812
4.39557
4.77077
4.5658
4.65637
4.59451
4.96659
4.71717
4.92757
5.19741
5.12856
4.16111
3.88643
3.96431
3.74046
3.68204
3.65964
3.70773
3.90445
3.94765
4.03417
4.53945
4.7599
4.67222
4.62091
4.74244
4.69291
4.83961
4.62513
4.59584
4.42315
4.31984
4.7182
4.64241
4.58112
4.50804
4.95324
4.7029
4.87844
5.18201
5.08459
4.33314
4.08043
3.77702
3.64758
3.62676
3.71199
3.74465
3.69035
3.83253
4.05528
4.59468
4.74369
4.70236
4.65544
4.59265
4.74736
4.79709
4.67464
4.61137
4.51969
4.29899
4.7845
4.71532
4.77309
4.52533
4.89969
4.63113
5.07391
4.90923
5.00485
4.44169
4.1116
3.6912
3.72439
3.6919
3.75961
3.74895
3.80409
3.92418
4.12416
4.69292
4.70341
4.70434
4.7587
4.62423
4.61873
4.86938
4.51131
4.63028
4.55331
4.32256
4.74961
4.64745
4.72369
4.5681
4.9379
4.64222
5.2051
4.79016
4.89623
4.58524
4.17344
3.74124
3.63067
3.56091
3.78178
3.81923
3.76473
3.87925
4.21122
4.62614
4.70859
4.7281
4.64578
4.53636
4.6518
4.79824
4.37943
4.50509
4.68835
4.47767
4.56099
4.53304
4.68186
4.62294
4.80468
4.67889
5.1656
4.87596
4.88662
4.69985
4.22236
3.67222
3.7
3.67113
3.64514
3.90358
3.80887
3.96778
4.20682
4.68433
4.69266
4.75375
4.7156
4.50064
4.61806
4.81756
4.63391
4.4886
4.65888
4.30699
4.49883
4.61141
4.60155
4.53858
4.81841
4.63404
5.20089
4.89667
4.99224
4.73232
4.35908
3.70403
3.69948
3.65517
3.67154
3.68116
3.79726
3.88105
4.28653
4.71866
4.73428
4.69465
4.5307
4.6872
4.73141
4.66142
4.63493
4.32982
4.53992
4.29308
4.56635
4.41342
4.48806
4.53689
4.78158
4.62888
5.26295
4.86896
4.98395
4.87361
4.52443
3.614
3.67614
3.60478
3.6878
3.62415
3.81318
3.92899
4.27413
4.59885
4.68204
4.78846
4.74021
4.58853
4.75445
4.69044
4.62295
4.32344
4.62015
4.20568
4.64894
4.32997
4.77304
4.60674
4.77258
4.67486
5.08575
4.75875
4.82673
4.86594
4.68851
3.31115
3.62095
3.62864
3.6935
3.7662
3.88006
3.79792
3.89744
4.14859
4.59257
4.6932
4.6974
4.57668
4.71435
4.71009
4.56454
4.53316
4.51917
4.12371
4.71366
4.32718
4.68057
4.61623
4.87672
4.69783
5.10648
4.87222
4.83278
4.93597
4.67986
